# Format:
# CountryCode InternationalPrefix NationalPrefix
# List from http://www.itu.int/dms_pub/itu-t/opb/sp/T-SP-E.164C-2011-PDF-E.pdf
# Updated: 8 June 2015
1 011 1
7 810 8
20 00 0
27 00 0
30 00 0
31 00 0
32 00 0
33 00 0
34 00
36 00 06
39 00
40 00 0
41 00 0
43 00 0
44 00 0
45 00
46 00 0
47 00
48 00 0
49 00 0
51 00 0
52 00 01
53 119 0
54 00 0
55 00 0
56 1YZ0 1YZ
57 009,007,005 09,07,05
58 00 0
60 00 0
61 0011 0
62 001,008 0
63 00 0
64 00 0
65 001,008
66 001 0
81 010 0
82 001,002 0,082
84 00 0
86 00 0
90 00 0
91 00 0
92 00 0
94 00 0
93 00 0
95 00 0
98 00 0
211 00 0
212 00 0
213 00 0
216 00
218 00 0
220 00
221 00
222 00
223 00
224 00
225 00
226 00
227 00
228 00
229 00
230 00
231 00
232 00 0
233 00 0
234 009 0
235 00
236 00
237 00
238 00
239 00
240 00
241 00
242 00
243 00 0
244 00 0
245 00
246 00
247 00
248 00
249 00 0
250 00
251 00 0
252 00
253 00
254 000 0
255 000 0
256 000 0
257 00
258 00
260 00 0
261 00
262 00
263 00 0
264 00 0
265 00
266 00
267 00
268 00
269 00
290 00
291 00 0
297 00
298 00
299 00
345
350 00
351 00
352 00
353 00 0
354 00
355 00 0
356 00
357 00
358 00,99X 0
359 00 0
370 00 0
371 00
372 00
373 00 0
374 00 0
375 810 8
376 00
377 00
378 00
380 00 0
381 00 0
382 00 0
385 00 0
386 00 0
387 00 0
389 00 0
420 00
421 00 0
423 00
441
473
500 00
501 00
502 00
503 00
504 00
505 00
506 00
507 00
508 00
509 00
590 00
591 00 0
592 001
593 00 0
594 00
595 00 0
596 00
597 00 0
598 00 0
599 00 0
649
664
670 00
671
672 00 0
673 00
674 00
675 00
676 00
677 00
678 00
679 00
680 011
681 00
682 00
683 00
684
685 0
686 00
687 00
688 00
689 00
690 00
691 011 1
692 011 1
758
767
787
809
850 00 0
852 001
853 00
855 001,007 0
856 00 0
868
869
876
880 00 0
886 002 0
960 00
961 00 0
962 00 0
963 00 0
964 00 0
965 00
966 00 0
967 00 0
968 00
970
971 00 0
972 00,012,013,014 0
973 00
974 00
975 00
976 001 0
977 00 0
992 810 8
993 810 8
994 00 0
995 00 0
996 00 0
998 810 8

